image: /home/matt/rosmap/losserand_v7_1_res003_wo_odom.pgm
resolution: 0.030000
origin: [-1.150000, -3.070802, 0.000000]
negate: 0
occupied_thresh: 0.65
free_thresh: 0.196

